$ 1 0.000005 10.20027730826997 50 5 50 5e-11
t 512 416 464 416 0 1 0.6476778654053119 0.6829188432287289 100 default
R 368 224 336 224 0 0 40 5 0 0 0.5
w 464 224 464 240 0
r 576 224 576 304 0 1000
w 464 224 576 224 0
r 464 240 464 272 0 330
c 464 304 576 304 4 0.000021 1.6155419280526848 0.001 0
g 464 432 464 464 0 0
w 512 416 576 416 0
w 672 560 672 496 0
w 576 304 672 416 0
w 672 304 704 304 0
c 704 304 784 304 4 0.000021 -3.1762652711233095 0.001 0
r 784 224 784 304 0 320
r 672 224 672 304 0 1000
162 464 336 464 400 2 default-led 1 0 0 0.01
162 784 336 784 400 2 default-led 1 0 0 0.01
w 784 304 784 336 0
t 736 416 784 416 0 1 -3.381317910530525 0.23872081779334908 100 default
w 672 416 736 416 0
g 784 432 784 464 0 0
w 576 224 672 224 0
w 672 224 784 224 0
w 464 272 464 304 0
w 464 304 464 336 0
w 464 672 464 640 0
w 464 704 464 672 0
w 672 752 784 752 0
w 576 752 672 752 0
g 784 544 784 512 0 0
w 672 560 736 560 0
t 736 560 784 560 1 1 0.6479482654760425 0.6836073768204861 100 default
w 784 672 784 640 0
162 784 640 784 576 2 default-led 1 0 0 0.01
162 464 640 464 576 2 default-led 1 0 0 0.01
r 672 752 672 672 0 1000
r 784 752 784 672 0 310
c 704 672 784 672 4 0.000021 -1.6527080210628675 0.001 0
w 672 672 704 672 0
w 576 672 576 416 0
w 592 560 672 672 0
w 512 560 592 560 0
g 464 544 464 512 0 0
c 464 672 576 672 4 0.000021 3.274433736410222 0.001 0
r 464 736 464 704 0 300
w 464 752 576 752 0
r 576 752 576 672 0 1000
w 464 752 464 736 0
t 512 560 464 560 1 1 -3.6129957555206857 0.20617760673259458 100 default
w 672 304 672 496 0
s 368 224 464 224 0 0 false
w 784 224 944 224 0
w 944 224 944 432 0
w 944 752 784 752 0
w 944 752 944 544 0
s 944 432 944 544 0 0 false
